-3.435000000000000142e+01 -1.789999999999999858e+01 -1.964999999999999858e+01
-3.435000000000000142e+01 -1.789999999999999858e+01 -1.178999999999999915e+01
-3.435000000000000142e+01 -1.789999999999999858e+01 -3.929999999999999716e+00
-3.435000000000000142e+01 -1.789999999999999858e+01 3.929999999999999716e+00
-3.435000000000000142e+01 -1.789999999999999858e+01 1.178999999999999915e+01
-3.435000000000000142e+01 -1.073999999999999844e+01 -1.964999999999999858e+01
-3.435000000000000142e+01 -1.073999999999999844e+01 -1.178999999999999915e+01
-3.435000000000000142e+01 -1.073999999999999844e+01 -3.929999999999999716e+00
-3.435000000000000142e+01 -1.073999999999999844e+01 3.929999999999999716e+00
-3.435000000000000142e+01 -1.073999999999999844e+01 1.178999999999999915e+01
-3.435000000000000142e+01 -3.580000000000000071e+00 -1.964999999999999858e+01
-3.435000000000000142e+01 -3.580000000000000071e+00 -1.178999999999999915e+01
-3.435000000000000142e+01 -3.580000000000000071e+00 -3.929999999999999716e+00
-3.435000000000000142e+01 -3.580000000000000071e+00 3.929999999999999716e+00
-3.435000000000000142e+01 -3.580000000000000071e+00 1.178999999999999915e+01
-3.435000000000000142e+01 3.579999999999998295e+00 -1.964999999999999858e+01
-3.435000000000000142e+01 3.579999999999998295e+00 -1.178999999999999915e+01
-3.435000000000000142e+01 3.579999999999998295e+00 -3.929999999999999716e+00
-3.435000000000000142e+01 3.579999999999998295e+00 3.929999999999999716e+00
-3.435000000000000142e+01 3.579999999999998295e+00 1.178999999999999915e+01
-3.435000000000000142e+01 1.073999999999999844e+01 -1.964999999999999858e+01
-3.435000000000000142e+01 1.073999999999999844e+01 -1.178999999999999915e+01
-3.435000000000000142e+01 1.073999999999999844e+01 -3.929999999999999716e+00
-3.435000000000000142e+01 1.073999999999999844e+01 3.929999999999999716e+00
-3.435000000000000142e+01 1.073999999999999844e+01 1.178999999999999915e+01
-2.906538461538461604e+01 -1.789999999999999858e+01 -1.964999999999999858e+01
-2.906538461538461604e+01 -1.789999999999999858e+01 -1.178999999999999915e+01
-2.906538461538461604e+01 -1.789999999999999858e+01 -3.929999999999999716e+00
-2.906538461538461604e+01 -1.789999999999999858e+01 3.929999999999999716e+00
-2.906538461538461604e+01 -1.789999999999999858e+01 1.178999999999999915e+01
-2.906538461538461604e+01 -1.073999999999999844e+01 -1.964999999999999858e+01
-2.906538461538461604e+01 -1.073999999999999844e+01 -1.178999999999999915e+01
-2.906538461538461604e+01 -1.073999999999999844e+01 -3.929999999999999716e+00
-2.906538461538461604e+01 -1.073999999999999844e+01 3.929999999999999716e+00
-2.906538461538461604e+01 -1.073999999999999844e+01 1.178999999999999915e+01
-2.906538461538461604e+01 -3.580000000000000071e+00 -1.964999999999999858e+01
-2.906538461538461604e+01 -3.580000000000000071e+00 -1.178999999999999915e+01
-2.906538461538461604e+01 -3.580000000000000071e+00 -3.929999999999999716e+00
-2.906538461538461604e+01 -3.580000000000000071e+00 3.929999999999999716e+00
-2.906538461538461604e+01 -3.580000000000000071e+00 1.178999999999999915e+01
-2.906538461538461604e+01 3.579999999999998295e+00 -1.964999999999999858e+01
-2.906538461538461604e+01 3.579999999999998295e+00 -1.178999999999999915e+01
-2.906538461538461604e+01 3.579999999999998295e+00 -3.929999999999999716e+00
-2.906538461538461604e+01 3.579999999999998295e+00 3.929999999999999716e+00
-2.906538461538461604e+01 3.579999999999998295e+00 1.178999999999999915e+01
-2.906538461538461604e+01 1.073999999999999844e+01 -1.964999999999999858e+01
-2.906538461538461604e+01 1.073999999999999844e+01 -1.178999999999999915e+01
-2.906538461538461604e+01 1.073999999999999844e+01 -3.929999999999999716e+00
-2.906538461538461604e+01 1.073999999999999844e+01 3.929999999999999716e+00
-2.906538461538461604e+01 1.073999999999999844e+01 1.178999999999999915e+01
-2.378076923076923066e+01 -1.789999999999999858e+01 -1.964999999999999858e+01
-2.378076923076923066e+01 -1.789999999999999858e+01 -1.178999999999999915e+01
-2.378076923076923066e+01 -1.789999999999999858e+01 -3.929999999999999716e+00
-2.378076923076923066e+01 -1.789999999999999858e+01 3.929999999999999716e+00
-2.378076923076923066e+01 -1.789999999999999858e+01 1.178999999999999915e+01
-2.378076923076923066e+01 -1.073999999999999844e+01 -1.964999999999999858e+01
-2.378076923076923066e+01 -1.073999999999999844e+01 -1.178999999999999915e+01
-2.378076923076923066e+01 -1.073999999999999844e+01 -3.929999999999999716e+00
-2.378076923076923066e+01 -1.073999999999999844e+01 3.929999999999999716e+00
-2.378076923076923066e+01 -1.073999999999999844e+01 1.178999999999999915e+01
-2.378076923076923066e+01 -3.580000000000000071e+00 -1.964999999999999858e+01
-2.378076923076923066e+01 -3.580000000000000071e+00 -1.178999999999999915e+01
-2.378076923076923066e+01 -3.580000000000000071e+00 -3.929999999999999716e+00
-2.378076923076923066e+01 -3.580000000000000071e+00 3.929999999999999716e+00
-2.378076923076923066e+01 -3.580000000000000071e+00 1.178999999999999915e+01
-2.378076923076923066e+01 3.579999999999998295e+00 -1.964999999999999858e+01
-2.378076923076923066e+01 3.579999999999998295e+00 -1.178999999999999915e+01
-2.378076923076923066e+01 3.579999999999998295e+00 -3.929999999999999716e+00
-2.378076923076923066e+01 3.579999999999998295e+00 3.929999999999999716e+00
-2.378076923076923066e+01 3.579999999999998295e+00 1.178999999999999915e+01
-2.378076923076923066e+01 1.073999999999999844e+01 -1.964999999999999858e+01
-2.378076923076923066e+01 1.073999999999999844e+01 -1.178999999999999915e+01
-2.378076923076923066e+01 1.073999999999999844e+01 -3.929999999999999716e+00
-2.378076923076923066e+01 1.073999999999999844e+01 3.929999999999999716e+00
-2.378076923076923066e+01 1.073999999999999844e+01 1.178999999999999915e+01
-1.849615384615384883e+01 -1.789999999999999858e+01 -1.964999999999999858e+01
-1.849615384615384883e+01 -1.789999999999999858e+01 -1.178999999999999915e+01
-1.849615384615384883e+01 -1.789999999999999858e+01 -3.929999999999999716e+00
-1.849615384615384883e+01 -1.789999999999999858e+01 3.929999999999999716e+00
-1.849615384615384883e+01 -1.789999999999999858e+01 1.178999999999999915e+01
-1.849615384615384883e+01 -1.073999999999999844e+01 -1.964999999999999858e+01
-1.849615384615384883e+01 -1.073999999999999844e+01 -1.178999999999999915e+01
-1.849615384615384883e+01 -1.073999999999999844e+01 -3.929999999999999716e+00
-1.849615384615384883e+01 -1.073999999999999844e+01 3.929999999999999716e+00
-1.849615384615384883e+01 -1.073999999999999844e+01 1.178999999999999915e+01
-1.849615384615384883e+01 -3.580000000000000071e+00 -1.964999999999999858e+01
-1.849615384615384883e+01 -3.580000000000000071e+00 -1.178999999999999915e+01
-1.849615384615384883e+01 -3.580000000000000071e+00 -3.929999999999999716e+00
-1.849615384615384883e+01 -3.580000000000000071e+00 3.929999999999999716e+00
-1.849615384615384883e+01 -3.580000000000000071e+00 1.178999999999999915e+01
-1.849615384615384883e+01 3.579999999999998295e+00 -1.964999999999999858e+01
-1.849615384615384883e+01 3.579999999999998295e+00 -1.178999999999999915e+01
-1.849615384615384883e+01 3.579999999999998295e+00 -3.929999999999999716e+00
-1.849615384615384883e+01 3.579999999999998295e+00 3.929999999999999716e+00
-1.849615384615384883e+01 3.579999999999998295e+00 1.178999999999999915e+01
-1.849615384615384883e+01 1.073999999999999844e+01 -1.964999999999999858e+01
-1.849615384615384883e+01 1.073999999999999844e+01 -1.178999999999999915e+01
-1.849615384615384883e+01 1.073999999999999844e+01 -3.929999999999999716e+00
-1.849615384615384883e+01 1.073999999999999844e+01 3.929999999999999716e+00
-1.849615384615384883e+01 1.073999999999999844e+01 1.178999999999999915e+01
-1.321153846153846345e+01 -1.789999999999999858e+01 -1.964999999999999858e+01
-1.321153846153846345e+01 -1.789999999999999858e+01 -1.178999999999999915e+01
-1.321153846153846345e+01 -1.789999999999999858e+01 -3.929999999999999716e+00
-1.321153846153846345e+01 -1.789999999999999858e+01 3.929999999999999716e+00
-1.321153846153846345e+01 -1.789999999999999858e+01 1.178999999999999915e+01
-1.321153846153846345e+01 -1.073999999999999844e+01 -1.964999999999999858e+01
-1.321153846153846345e+01 -1.073999999999999844e+01 -1.178999999999999915e+01
-1.321153846153846345e+01 -1.073999999999999844e+01 -3.929999999999999716e+00
-1.321153846153846345e+01 -1.073999999999999844e+01 3.929999999999999716e+00
-1.321153846153846345e+01 -1.073999999999999844e+01 1.178999999999999915e+01
-1.321153846153846345e+01 -3.580000000000000071e+00 -1.964999999999999858e+01
-1.321153846153846345e+01 -3.580000000000000071e+00 -1.178999999999999915e+01
-1.321153846153846345e+01 -3.580000000000000071e+00 -3.929999999999999716e+00
-1.321153846153846345e+01 -3.580000000000000071e+00 3.929999999999999716e+00
-1.321153846153846345e+01 -3.580000000000000071e+00 1.178999999999999915e+01
-1.321153846153846345e+01 3.579999999999998295e+00 -1.964999999999999858e+01
-1.321153846153846345e+01 3.579999999999998295e+00 -1.178999999999999915e+01
-1.321153846153846345e+01 3.579999999999998295e+00 -3.929999999999999716e+00
-1.321153846153846345e+01 3.579999999999998295e+00 3.929999999999999716e+00
-1.321153846153846345e+01 3.579999999999998295e+00 1.178999999999999915e+01
-1.321153846153846345e+01 1.073999999999999844e+01 -1.964999999999999858e+01
-1.321153846153846345e+01 1.073999999999999844e+01 -1.178999999999999915e+01
-1.321153846153846345e+01 1.073999999999999844e+01 -3.929999999999999716e+00
-1.321153846153846345e+01 1.073999999999999844e+01 3.929999999999999716e+00
-1.321153846153846345e+01 1.073999999999999844e+01 1.178999999999999915e+01
-7.926923076923078071e+00 -1.789999999999999858e+01 -1.964999999999999858e+01
-7.926923076923078071e+00 -1.789999999999999858e+01 -1.178999999999999915e+01
-7.926923076923078071e+00 -1.789999999999999858e+01 -3.929999999999999716e+00
-7.926923076923078071e+00 -1.789999999999999858e+01 3.929999999999999716e+00
-7.926923076923078071e+00 -1.789999999999999858e+01 1.178999999999999915e+01
-7.926923076923078071e+00 -1.073999999999999844e+01 -1.964999999999999858e+01
-7.926923076923078071e+00 -1.073999999999999844e+01 -1.178999999999999915e+01
-7.926923076923078071e+00 -1.073999999999999844e+01 -3.929999999999999716e+00
-7.926923076923078071e+00 -1.073999999999999844e+01 3.929999999999999716e+00
-7.926923076923078071e+00 -1.073999999999999844e+01 1.178999999999999915e+01
-7.926923076923078071e+00 -3.580000000000000071e+00 -1.964999999999999858e+01
-7.926923076923078071e+00 -3.580000000000000071e+00 -1.178999999999999915e+01
-7.926923076923078071e+00 -3.580000000000000071e+00 -3.929999999999999716e+00
-7.926923076923078071e+00 -3.580000000000000071e+00 3.929999999999999716e+00
-7.926923076923078071e+00 -3.580000000000000071e+00 1.178999999999999915e+01
-7.926923076923078071e+00 3.579999999999998295e+00 -1.964999999999999858e+01
-7.926923076923078071e+00 3.579999999999998295e+00 -1.178999999999999915e+01
-7.926923076923078071e+00 3.579999999999998295e+00 -3.929999999999999716e+00
-7.926923076923078071e+00 3.579999999999998295e+00 3.929999999999999716e+00
-7.926923076923078071e+00 3.579999999999998295e+00 1.178999999999999915e+01
-7.926923076923078071e+00 1.073999999999999844e+01 -1.964999999999999858e+01
-7.926923076923078071e+00 1.073999999999999844e+01 -1.178999999999999915e+01
-7.926923076923078071e+00 1.073999999999999844e+01 -3.929999999999999716e+00
-7.926923076923078071e+00 1.073999999999999844e+01 3.929999999999999716e+00
-7.926923076923078071e+00 1.073999999999999844e+01 1.178999999999999915e+01
-2.642307692307696243e+00 -1.789999999999999858e+01 -1.964999999999999858e+01
-2.642307692307696243e+00 -1.789999999999999858e+01 -1.178999999999999915e+01
-2.642307692307696243e+00 -1.789999999999999858e+01 -3.929999999999999716e+00
-2.642307692307696243e+00 -1.789999999999999858e+01 3.929999999999999716e+00
-2.642307692307696243e+00 -1.789999999999999858e+01 1.178999999999999915e+01
-2.642307692307696243e+00 -1.073999999999999844e+01 -1.964999999999999858e+01
-2.642307692307696243e+00 -1.073999999999999844e+01 -1.178999999999999915e+01
-2.642307692307696243e+00 -1.073999999999999844e+01 -3.929999999999999716e+00
-2.642307692307696243e+00 -1.073999999999999844e+01 3.929999999999999716e+00
-2.642307692307696243e+00 -1.073999999999999844e+01 1.178999999999999915e+01
-2.642307692307696243e+00 -3.580000000000000071e+00 -1.964999999999999858e+01
-2.642307692307696243e+00 -3.580000000000000071e+00 -1.178999999999999915e+01
-2.642307692307696243e+00 -3.580000000000000071e+00 -3.929999999999999716e+00
-2.642307692307696243e+00 -3.580000000000000071e+00 3.929999999999999716e+00
-2.642307692307696243e+00 -3.580000000000000071e+00 1.178999999999999915e+01
-2.642307692307696243e+00 3.579999999999998295e+00 -1.964999999999999858e+01
-2.642307692307696243e+00 3.579999999999998295e+00 -1.178999999999999915e+01
-2.642307692307696243e+00 3.579999999999998295e+00 -3.929999999999999716e+00
-2.642307692307696243e+00 3.579999999999998295e+00 3.929999999999999716e+00
-2.642307692307696243e+00 3.579999999999998295e+00 1.178999999999999915e+01
-2.642307692307696243e+00 1.073999999999999844e+01 -1.964999999999999858e+01
-2.642307692307696243e+00 1.073999999999999844e+01 -1.178999999999999915e+01
-2.642307692307696243e+00 1.073999999999999844e+01 -3.929999999999999716e+00
-2.642307692307696243e+00 1.073999999999999844e+01 3.929999999999999716e+00
-2.642307692307696243e+00 1.073999999999999844e+01 1.178999999999999915e+01
2.642307692307689138e+00 -1.789999999999999858e+01 -1.964999999999999858e+01
2.642307692307689138e+00 -1.789999999999999858e+01 -1.178999999999999915e+01
2.642307692307689138e+00 -1.789999999999999858e+01 -3.929999999999999716e+00
2.642307692307689138e+00 -1.789999999999999858e+01 3.929999999999999716e+00
2.642307692307689138e+00 -1.789999999999999858e+01 1.178999999999999915e+01
2.642307692307689138e+00 -1.073999999999999844e+01 -1.964999999999999858e+01
2.642307692307689138e+00 -1.073999999999999844e+01 -1.178999999999999915e+01
2.642307692307689138e+00 -1.073999999999999844e+01 -3.929999999999999716e+00
2.642307692307689138e+00 -1.073999999999999844e+01 3.929999999999999716e+00
2.642307692307689138e+00 -1.073999999999999844e+01 1.178999999999999915e+01
2.642307692307689138e+00 -3.580000000000000071e+00 -1.964999999999999858e+01
2.642307692307689138e+00 -3.580000000000000071e+00 -1.178999999999999915e+01
2.642307692307689138e+00 -3.580000000000000071e+00 -3.929999999999999716e+00
2.642307692307689138e+00 -3.580000000000000071e+00 3.929999999999999716e+00
2.642307692307689138e+00 -3.580000000000000071e+00 1.178999999999999915e+01
2.642307692307689138e+00 3.579999999999998295e+00 -1.964999999999999858e+01
2.642307692307689138e+00 3.579999999999998295e+00 -1.178999999999999915e+01
2.642307692307689138e+00 3.579999999999998295e+00 -3.929999999999999716e+00
2.642307692307689138e+00 3.579999999999998295e+00 3.929999999999999716e+00
2.642307692307689138e+00 3.579999999999998295e+00 1.178999999999999915e+01
2.642307692307689138e+00 1.073999999999999844e+01 -1.964999999999999858e+01
2.642307692307689138e+00 1.073999999999999844e+01 -1.178999999999999915e+01
2.642307692307689138e+00 1.073999999999999844e+01 -3.929999999999999716e+00
2.642307692307689138e+00 1.073999999999999844e+01 3.929999999999999716e+00
2.642307692307689138e+00 1.073999999999999844e+01 1.178999999999999915e+01
7.926923076923074518e+00 -1.789999999999999858e+01 -1.964999999999999858e+01
7.926923076923074518e+00 -1.789999999999999858e+01 -1.178999999999999915e+01
7.926923076923074518e+00 -1.789999999999999858e+01 -3.929999999999999716e+00
7.926923076923074518e+00 -1.789999999999999858e+01 3.929999999999999716e+00
7.926923076923074518e+00 -1.789999999999999858e+01 1.178999999999999915e+01
7.926923076923074518e+00 -1.073999999999999844e+01 -1.964999999999999858e+01
7.926923076923074518e+00 -1.073999999999999844e+01 -1.178999999999999915e+01
7.926923076923074518e+00 -1.073999999999999844e+01 -3.929999999999999716e+00
7.926923076923074518e+00 -1.073999999999999844e+01 3.929999999999999716e+00
7.926923076923074518e+00 -1.073999999999999844e+01 1.178999999999999915e+01
7.926923076923074518e+00 -3.580000000000000071e+00 -1.964999999999999858e+01
7.926923076923074518e+00 -3.580000000000000071e+00 -1.178999999999999915e+01
7.926923076923074518e+00 -3.580000000000000071e+00 -3.929999999999999716e+00
7.926923076923074518e+00 -3.580000000000000071e+00 3.929999999999999716e+00
7.926923076923074518e+00 -3.580000000000000071e+00 1.178999999999999915e+01
7.926923076923074518e+00 3.579999999999998295e+00 -1.964999999999999858e+01
7.926923076923074518e+00 3.579999999999998295e+00 -1.178999999999999915e+01
7.926923076923074518e+00 3.579999999999998295e+00 -3.929999999999999716e+00
7.926923076923074518e+00 3.579999999999998295e+00 3.929999999999999716e+00
7.926923076923074518e+00 3.579999999999998295e+00 1.178999999999999915e+01
7.926923076923074518e+00 1.073999999999999844e+01 -1.964999999999999858e+01
7.926923076923074518e+00 1.073999999999999844e+01 -1.178999999999999915e+01
7.926923076923074518e+00 1.073999999999999844e+01 -3.929999999999999716e+00
7.926923076923074518e+00 1.073999999999999844e+01 3.929999999999999716e+00
7.926923076923074518e+00 1.073999999999999844e+01 1.178999999999999915e+01
1.321153846153845990e+01 -1.789999999999999858e+01 -1.964999999999999858e+01
1.321153846153845990e+01 -1.789999999999999858e+01 -1.178999999999999915e+01
1.321153846153845990e+01 -1.789999999999999858e+01 -3.929999999999999716e+00
1.321153846153845990e+01 -1.789999999999999858e+01 3.929999999999999716e+00
1.321153846153845990e+01 -1.789999999999999858e+01 1.178999999999999915e+01
1.321153846153845990e+01 -1.073999999999999844e+01 -1.964999999999999858e+01
1.321153846153845990e+01 -1.073999999999999844e+01 -1.178999999999999915e+01
1.321153846153845990e+01 -1.073999999999999844e+01 -3.929999999999999716e+00
1.321153846153845990e+01 -1.073999999999999844e+01 3.929999999999999716e+00
1.321153846153845990e+01 -1.073999999999999844e+01 1.178999999999999915e+01
1.321153846153845990e+01 -3.580000000000000071e+00 -1.964999999999999858e+01
1.321153846153845990e+01 -3.580000000000000071e+00 -1.178999999999999915e+01
1.321153846153845990e+01 -3.580000000000000071e+00 -3.929999999999999716e+00
1.321153846153845990e+01 -3.580000000000000071e+00 3.929999999999999716e+00
1.321153846153845990e+01 -3.580000000000000071e+00 1.178999999999999915e+01
1.321153846153845990e+01 3.579999999999998295e+00 -1.964999999999999858e+01
1.321153846153845990e+01 3.579999999999998295e+00 -1.178999999999999915e+01
1.321153846153845990e+01 3.579999999999998295e+00 -3.929999999999999716e+00
1.321153846153845990e+01 3.579999999999998295e+00 3.929999999999999716e+00
1.321153846153845990e+01 3.579999999999998295e+00 1.178999999999999915e+01
1.321153846153845990e+01 1.073999999999999844e+01 -1.964999999999999858e+01
1.321153846153845990e+01 1.073999999999999844e+01 -1.178999999999999915e+01
1.321153846153845990e+01 1.073999999999999844e+01 -3.929999999999999716e+00
1.321153846153845990e+01 1.073999999999999844e+01 3.929999999999999716e+00
1.321153846153845990e+01 1.073999999999999844e+01 1.178999999999999915e+01
1.849615384615384528e+01 -1.789999999999999858e+01 -1.964999999999999858e+01
1.849615384615384528e+01 -1.789999999999999858e+01 -1.178999999999999915e+01
1.849615384615384528e+01 -1.789999999999999858e+01 -3.929999999999999716e+00
1.849615384615384528e+01 -1.789999999999999858e+01 3.929999999999999716e+00
1.849615384615384528e+01 -1.789999999999999858e+01 1.178999999999999915e+01
1.849615384615384528e+01 -1.073999999999999844e+01 -1.964999999999999858e+01
1.849615384615384528e+01 -1.073999999999999844e+01 -1.178999999999999915e+01
1.849615384615384528e+01 -1.073999999999999844e+01 -3.929999999999999716e+00
1.849615384615384528e+01 -1.073999999999999844e+01 3.929999999999999716e+00
1.849615384615384528e+01 -1.073999999999999844e+01 1.178999999999999915e+01
1.849615384615384528e+01 -3.580000000000000071e+00 -1.964999999999999858e+01
1.849615384615384528e+01 -3.580000000000000071e+00 -1.178999999999999915e+01
1.849615384615384528e+01 -3.580000000000000071e+00 -3.929999999999999716e+00
1.849615384615384528e+01 -3.580000000000000071e+00 3.929999999999999716e+00
1.849615384615384528e+01 -3.580000000000000071e+00 1.178999999999999915e+01
1.849615384615384528e+01 3.579999999999998295e+00 -1.964999999999999858e+01
1.849615384615384528e+01 3.579999999999998295e+00 -1.178999999999999915e+01
1.849615384615384528e+01 3.579999999999998295e+00 -3.929999999999999716e+00
1.849615384615384528e+01 3.579999999999998295e+00 3.929999999999999716e+00
1.849615384615384528e+01 3.579999999999998295e+00 1.178999999999999915e+01
1.849615384615384528e+01 1.073999999999999844e+01 -1.964999999999999858e+01
1.849615384615384528e+01 1.073999999999999844e+01 -1.178999999999999915e+01
1.849615384615384528e+01 1.073999999999999844e+01 -3.929999999999999716e+00
1.849615384615384528e+01 1.073999999999999844e+01 3.929999999999999716e+00
1.849615384615384528e+01 1.073999999999999844e+01 1.178999999999999915e+01
2.378076923076923066e+01 -1.789999999999999858e+01 -1.964999999999999858e+01
2.378076923076923066e+01 -1.789999999999999858e+01 -1.178999999999999915e+01
2.378076923076923066e+01 -1.789999999999999858e+01 -3.929999999999999716e+00
2.378076923076923066e+01 -1.789999999999999858e+01 3.929999999999999716e+00
2.378076923076923066e+01 -1.789999999999999858e+01 1.178999999999999915e+01
2.378076923076923066e+01 -1.073999999999999844e+01 -1.964999999999999858e+01
2.378076923076923066e+01 -1.073999999999999844e+01 -1.178999999999999915e+01
2.378076923076923066e+01 -1.073999999999999844e+01 -3.929999999999999716e+00
2.378076923076923066e+01 -1.073999999999999844e+01 3.929999999999999716e+00
2.378076923076923066e+01 -1.073999999999999844e+01 1.178999999999999915e+01
2.378076923076923066e+01 -3.580000000000000071e+00 -1.964999999999999858e+01
2.378076923076923066e+01 -3.580000000000000071e+00 -1.178999999999999915e+01
2.378076923076923066e+01 -3.580000000000000071e+00 -3.929999999999999716e+00
2.378076923076923066e+01 -3.580000000000000071e+00 3.929999999999999716e+00
2.378076923076923066e+01 -3.580000000000000071e+00 1.178999999999999915e+01
2.378076923076923066e+01 3.579999999999998295e+00 -1.964999999999999858e+01
2.378076923076923066e+01 3.579999999999998295e+00 -1.178999999999999915e+01
2.378076923076923066e+01 3.579999999999998295e+00 -3.929999999999999716e+00
2.378076923076923066e+01 3.579999999999998295e+00 3.929999999999999716e+00
2.378076923076923066e+01 3.579999999999998295e+00 1.178999999999999915e+01
2.378076923076923066e+01 1.073999999999999844e+01 -1.964999999999999858e+01
2.378076923076923066e+01 1.073999999999999844e+01 -1.178999999999999915e+01
2.378076923076923066e+01 1.073999999999999844e+01 -3.929999999999999716e+00
2.378076923076923066e+01 1.073999999999999844e+01 3.929999999999999716e+00
2.378076923076923066e+01 1.073999999999999844e+01 1.178999999999999915e+01
2.906538461538460894e+01 -1.789999999999999858e+01 -1.964999999999999858e+01
2.906538461538460894e+01 -1.789999999999999858e+01 -1.178999999999999915e+01
2.906538461538460894e+01 -1.789999999999999858e+01 -3.929999999999999716e+00
2.906538461538460894e+01 -1.789999999999999858e+01 3.929999999999999716e+00
2.906538461538460894e+01 -1.789999999999999858e+01 1.178999999999999915e+01
2.906538461538460894e+01 -1.073999999999999844e+01 -1.964999999999999858e+01
2.906538461538460894e+01 -1.073999999999999844e+01 -1.178999999999999915e+01
2.906538461538460894e+01 -1.073999999999999844e+01 -3.929999999999999716e+00
2.906538461538460894e+01 -1.073999999999999844e+01 3.929999999999999716e+00
2.906538461538460894e+01 -1.073999999999999844e+01 1.178999999999999915e+01
2.906538461538460894e+01 -3.580000000000000071e+00 -1.964999999999999858e+01
2.906538461538460894e+01 -3.580000000000000071e+00 -1.178999999999999915e+01
2.906538461538460894e+01 -3.580000000000000071e+00 -3.929999999999999716e+00
2.906538461538460894e+01 -3.580000000000000071e+00 3.929999999999999716e+00
2.906538461538460894e+01 -3.580000000000000071e+00 1.178999999999999915e+01
2.906538461538460894e+01 3.579999999999998295e+00 -1.964999999999999858e+01
2.906538461538460894e+01 3.579999999999998295e+00 -1.178999999999999915e+01
2.906538461538460894e+01 3.579999999999998295e+00 -3.929999999999999716e+00
2.906538461538460894e+01 3.579999999999998295e+00 3.929999999999999716e+00
2.906538461538460894e+01 3.579999999999998295e+00 1.178999999999999915e+01
2.906538461538460894e+01 1.073999999999999844e+01 -1.964999999999999858e+01
2.906538461538460894e+01 1.073999999999999844e+01 -1.178999999999999915e+01
2.906538461538460894e+01 1.073999999999999844e+01 -3.929999999999999716e+00
2.906538461538460894e+01 1.073999999999999844e+01 3.929999999999999716e+00
2.906538461538460894e+01 1.073999999999999844e+01 1.178999999999999915e+01
